0.
0.01272351062
0.02441484443
0.03427819827
0.04172636630
0.04642084118
0.04828521161
0.04749333736
0.04443601861
0.03967142958
0.03386545845
0.02772825640
0.02195285455
0.01716080962
0.01385862055
0.01240726607
0.01300583827
0.01568897536
0.02033672861
0.02669469416
0.03440174938
0.04302248328
0.05208147569
0.06109680351
0.06961057407
0.07721479964
0.08357146320
0.08842620379
0.09161553845
0.09306798071
0.09279975609
0.09090606343
0.08754896032
0.08294300998
0.07733979104
0.07101227648
0.06423994736
0.05729533660
0.05043250527
0.04387778898
0.03782295449
0.03242077737
0.02778291479
0.02397984554
0.02104259336
0.01896589159
0.01771244642
0.01721794393
0.01739648173
0.01814612749
0.01935435462
0.02090315668
0.02267367401
0.02455023312
0.02642372726
0.02819431164
0.02977342309
0.03108514624
0.03206698794
0.03267012176
0.03285917838
0.03261165984
0.03191705944
0.03077576320
0.02919779961
0.02720150873
0.02481217645
0.02206068959
0.01898224096
0.01561512101
0.01199960848
0.00817698476
0.00418866753
0.00007547577
-0.00412297902
-0.00836878645
-0.01262611012
-0.01686146625
-0.02104390420
-0.02514511263
-0.02913945085
-0.03300392640
-0.03671812605
-0.04026410603
-0.04362626017
-0.04679116205
-0.04974739830
-0.05248539309
-0.05499723061
-0.05727648197
-0.05931803280
-0.06111792497
-0.06267320434
-0.06398178055
-0.06504230225
-0.06585404115
-0.06641679421
-0.06673079567
-0.06679664716
-0.06661525719
-0.06618779829
-0.06551567442
-0.06460050517
-0.06344412011
-0.06204857094
-0.06041615106
-0.05854943602
-0.05645133296
-0.05412514341
-0.05157464482
-0.04880418041
-0.04581876861
-0.04262421854
-0.03922726740
-0.03563572060
-0.03185860917
-0.02790635182
-0.02379092396
-0.01952602857
-0.01512726631
-0.01061229873
-0.00600099798
-0.00131557649
0.00341930847
0.00817649069
0.01292627259
0.01763646633
0.02227249610
0.02679758668
0.03117303887
0.03535861116
0.03931300868
0.04299449610
0.04636163421
0.04937414331
0.05199389225
0.05418600488
0.05592006931
0.05717143111
0.05792253718
0.05816429735
0.05789741755
0.05713364223
0.05589685283
0.05422394556
0.05216540974
0.04978553783
0.04716217256
0.04438593208
0.04155883487
0.03879227643
0.03620433029
0.03391635849
0.03204897011
0.03071738418
0.03002631070
0.03006451075
0.03089922678
0.03257074591
0.03508738581
0.03842122448
0.04250492683
0.04723001428
0.05244691736
0.05796709352
0.06356744491
0.06899714914
0.07398690916
0.07826046674
0.08154805128
0.08360125900
0.08420866479
0.08321130772
0.08051703248
0.07611260032
0.07007242066
0.06256282678
0.05384095219
0.04424750122
0.03419306048
0.02413802230
0.01456670930
0.00595683373
-0.00125401606
-0.00670265734
-0.01013275049
-0.01142253773
-0.01060498366
-0.00787764418
-0.00360010286
0.00172238797
0.00746936772
0.01294874866
0.01745116620
0.02031135892
0.02097161867
0.01904145212
0.01434714441
0.00696509101
-0.00276637497
-0.01426037961
-0.02672160519
-0.03921183446
-0.05073668407
-0.06034629581
-0.06724021329
-0.07086491797
-0.07099189728
-0.06776494325
-0.06170772830
-0.05368657057
-0.04482832521
-0.03639913410
-0.02965555630
-0.02568466877
-0.02525317538
-0.02868670515
-0.03579875560
-0.04588399704
-0.05778312564
-0.07001687426
-0.08097631467
-0.08914671219
-0.09333457227
-0.09286366484
-0.08770693126
-0.07852776051
-0.06661586162
-0.05371858944
-0.04178601565
-0.03266441834
-0.02778530969
-0.02790272060
-0.03292845481
-0.04190264890
-0.05311637857
-0.06437697611
-0.07337935156
-0.07812311296
-0.07730067922
-0.07057987179
-0.05871773765
-0.04346967225
-0.02729556673
-0.01290609269
-0.00272919424
0.00159908039
-0.00038920063
-0.00784070885
-0.01870075011
-0.03010080579
-0.03894834979
-0.04260225982
-0.03948733784
-0.02950262801
-0.01411370701
0.00391571318
0.02111508844
0.03410206421
0.04040203072
0.03909183634
0.03109466202
0.01902725038
0.00660751995
-0.00225448003
-0.00446607732
0.00139847910
0.01464673692
0.03256396588
0.05106645236
0.06576797483
0.07318769236
0.07176628409
0.06238661543
0.04821607674
0.03387333372
0.02412340286
0.02246213619
0.03001186216
0.04508571576
0.06359701021
0.08023775911
0.09010097464
0.09025551039
0.08076212119
0.06476559979
0.04757729656
0.03499354854
0.03137071814
0.03809700175
0.05300910883
0.07101110767
0.08574801575
0.09180225745
0.08665749928
0.07170748877
0.05188806467
0.03399056953
0.02421030737
0.02580819428
0.03777847359
0.05508773747
0.07047861002
0.07721921038
0.07176641168
0.05527927002
0.03331381979
0.01372633642
0.00354784449
0.00606569882
0.01933854495
0.03684327206
0.05008968682
0.05218491722
0.04085673639
0.01959086352
-0.00371313981
-0.02009601293
-0.02350258416
-0.01359614451
0.00391517487
0.01971250636
0.02506818398
0.01593779914
-0.00499197842
-0.02937208499
-0.04701343149
-0.05074613653
-0.03999530212
-0.02125428438
-0.00507484331
-0.00091603724
-0.01234899601
-0.03507145926
-0.05887911490
-0.07275681830
-0.07058030812
-0.05446234971
-0.03386564611
-0.02076540196
-0.02328634550
-0.04119560184
-0.06579634571
-0.08447498859
-0.08758250330
-0.07390283587
-0.05156443147
-0.03367981653
-0.03098219318
-0.04557771392
-0.06949246607
-0.08906877725
-0.09286392142
-0.07850251841
-0.05433421322
-0.03467971285
-0.03128938388
-0.04608932713
-0.06974344586
-0.08716321117
-0.08679868592
-0.06800500049
-0.04172744757
-0.02379841040
-0.02486992310
-0.04338158683
-0.06628045930
-0.07732493971
-0.06776583406
-0.04236712089
-0.01653746005
-0.00616970474
-0.01683297057
-0.03971066666
-0.05734975657
-0.05559421863
-0.03357646859
-0.00464568381
0.01276686183
0.00819106868
-0.01317261300
-0.03386169265
-0.03660237709
-0.01699281067
0.01294726693
0.03333441227
0.03111752972
0.01005630707
-0.01175834192
-0.01539484925
0.00439268817
0.03480169888
0.05453773421
0.05029403763
0.02740439503
0.00601369889
0.00531983517
0.02813411235
0.05825345612
0.07322228773
0.06256436347
0.03665490974
0.01856317234
0.02509150709
0.05255346811
0.07945295220
0.08435356043
0.06417811918
0.03722600978
0.02779587322
0.04518378216
0.07524756742
0.09237071393
0.08189584764
0.05338875503
0.03255692788
0.03841984100
0.06594894012
0.09017432840
0.08867293210
0.06228325632
0.03478214902
0.03116702393
0.05424643793
0.08156709030
0.08622066708
0.06241783895
0.03144352848
0.02164974164
0.04110300369
0.06934278484
0.07691071164
0.05422625850
0.02145620769
0.00897112398
0.02710615667
0.05538703987
0.06271265237
0.03884123233
0.00526069386
-0.00635121671
0.01328128856
0.04098819584
0.04481536259
0.01747204552
-0.01551990539
-0.02235648416
0.00119958492
0.02679619016
0.02352840369
-0.00857495054
-0.03804074567
-0.03589391209
-0.00760796110
0.01237522019
-0.00151440780
-0.03722055177
-0.05796968725
-0.04338921017
-0.01290303842
-0.00422506222
-0.03041118115
-0.06440005894
-0.06968289965
-0.04262720017
-0.01725510044
-0.02586948462
-0.06087533546
-0.08314201918
-0.06814687212
-0.03558378074
-0.02635605084
-0.05343327970
-0.08564251972
-0.08503467202
-0.05333501166
-0.03043434081
-0.04557638213
-0.08080209076
-0.09266922471
-0.06642002497
-0.03504177149
-0.03818101822
-0.07175673664
-0.09251870761
-0.07304099974
-0.03736974173
-0.03061110398
-0.06048433179
-0.08666658946
-0.07309188208
-0.03564202519
-0.02184953595
-0.04803877900
-0.07703041826
-0.06734375168
-0.02914254238
-0.01120416307
-0.03504850588
-0.06511794054
-0.05682282636
-0.01794750805
0.00138804549
-0.02212104628
-0.05202249503
-0.04245044725
-0.00266298047
0.01529040701
-0.01003123167
-0.03843650236
-0.02489226274
0.01569333022
0.02919915375
0.00032523647
-0.02458793353
-0.00458094851
0.03563152546
0.04125338109
0.00821007791
-0.01012666197
0.01805814032
0.05499633794
0.04930914956
0.01352891001
0.00588805836
0.04211577788
0.07080292728
0.05153968902
0.01739857627
0.02462981371
0.06546666125
0.07943456323
0.04747063544
0.02243293597
0.04649189318
0.08411503567
0.07766522775
0.03923445256
0.03209779376
0.06943555667
0.09241079480
0.06476870482
0.03216381941
0.04849667725
0.08754636379
0.08520797811
0.04504574991
0.03318107000
0.06887601807
0.09177312521
0.06226505641
0.02846098748
0.04587022511
0.08329472302
0.07496732501
0.03257975087
0.02611802528
0.06403257069
0.07794279494
0.04036188792
0.01300554863
0.04000560721
0.07036344407
0.04661190434
0.00620344097
0.01621983249
0.05444960968
0.04804607871
0.00340299216
-0.00445773826
0.03362172062
0.04366958856
0.00198244629
-0.02114697367
0.01110680121
0.03422077757
0.00000488432
-0.03422757576
-0.01072840206
0.02134694772
-0.00346991653
-0.04458710102
-0.03046808542
0.00691858029
-0.00851561551
-0.05310474029
-0.04743534670
-0.00738212422
-0.01464884217
-0.06040721036
-0.06140053574
-0.02022885352
-0.02114340391
-0.06682384411
-0.07233231867
-0.03066570649
-0.02727130065
-0.07244539893
-0.08023075789
-0.03805597280
-0.03245757392
-0.07721048948
-0.08503587203
-0.04202551084
-0.03636476457
-0.08097261779
-0.08659087665
-0.04243384038
-0.03892606976
-0.08352483746
-0.08464430583
-0.03938591168
-0.04033606421
-0.08457630485
-0.07888884638
-0.03328252875
-0.04099316491
-0.08368981008
-0.06904926875
-0.02489158334
-0.04137596363
-0.08020806342
-0.05503985073
-0.01540032403
-0.04183449192
-0.07322243395
-0.03720348807
-0.00638053242
-0.04229872922
-0.06166654708
-0.01660780098
0.00042544678
-0.04196205797
-0.04462984640
0.00470052987
0.00358162030
-0.03908829964
-0.02194639350
0.02368233687
0.00269838376
-0.03118795587
0.00502289181
0.03680515628
-0.00076002721
-0.01582959203
0.03274629696
0.04126040140
-0.00308146654
0.00783617424
0.05562849875
0.03676351592
0.00097824493
0.03726660380
0.06754918607
0.02715444528
0.01584998427
0.06558164838
0.06499907352
0.02033956961
0.04157016814
0.08307755769
0.05067356275
0.02513661896
0.07094257956
0.08207349509
0.03477211914
0.04518018866
0.09066156285
0.06346376496
0.03089832898
0.07323894630
0.08854733813
0.03999495893
0.04634275770
0.09194770349
0.06428207201
0.03043276641
0.07267022113
0.08492034751
0.03470981972
0.04443070262
0.08719452596
0.05306674373
0.02397766857
0.06920003311
0.07087165283
0.02025284346
0.04054340735
0.07532396102
0.03084110014
0.01465522220
0.06221712636
0.04568394616
0.00095651997
0.03636812618
0.05387045463
0.00114233279
0.00738930844
0.04905169801
0.01020785141
-0.01565408662
0.03126261953
0.02023221140
-0.02784216088
0.00546227816
0.02432138249
-0.02923459803
-0.02149813490
0.01898173432
-0.02351980758
-0.04371424268
0.00450727764
-0.01575920407
-0.05785202582
-0.01607471706
-0.01037873560
-0.06339996937
-0.03861278077
-0.01001898013
-0.06196162360
-0.05925567190
-0.01530682204
-0.05617232734
-0.07531260168
-0.02527469825
-0.04871180811
-0.08550845211
-0.03805799703
-0.04165953646
-0.08979734299
-0.05157031603
-0.03623357847
-0.08895888352
-0.06398955942
-0.03282720887
-0.08416627099
-0.07401131679
-0.03121378470
-0.07664091773
-0.08090558631
-0.03080344304
-0.06743602945
-0.08444581538
-0.03087370481
-0.05734162193
-0.08477865936
-0.03073675941
-0.04687887168
-0.08228530718
-0.02983694022
-0.03634663451
-0.07746376312
-0.02778956211
-0.02588903075
-0.07084342491
-0.02437904299
-0.01556313598
-0.06293138745
-0.01953387077
-0.00539555868
-0.05418381906
-0.01329232753
0.00457603905
-0.04499389247
-0.00576836105
0.01427602164
-0.03568843486
0.00287682703
0.02357606505
-0.02652729265
0.01245461265
0.03229002433
-0.01770154762
0.02275893892
0.04017661526
-0.00932887525
0.03356604989
0.04694947897
-0.00144635234
0.04462412994
0.05229566452
0.00599690994
0.05563380077
0.05590468153
0.01314279857
0.06622194244
0.05751062066
0.02021625645
0.07591387518
0.05694876446
0.02749809772
0.08411268828
0.05422490017
0.03527006007
0.09009897556
0.04958958383
0.04372624696
0.09306815580
0.04360084671
0.05285238913
0.09222343132
0.03714849767
0.06228773412
0.08693673633
0.03140460432
0.07120352078
0.07697374122
0.02766385545
0.07825351209
0.06274972553
0.02705246127
0.08166713111
0.04554316092
0.03012260433
0.07955038530
0.02755414844
0.03641310301
0.07041732434
0.01167755248
0.04413431061
0.05388432016
0.00089653069
0.05019437586
0.03132954065
-0.00268112124
0.05077302847
0.00619323274
0.00107760028
0.04251205285
-0.01644704446
0.00954516794
0.02410590331
-0.03124740265
0.01744385392
-0.00229664473
-0.03474374547
0.01830200295
-0.03074558463
-0.02752891984
0.00718273830
-0.05296939631
-0.01522800188
-0.01623611387
-0.06176293757
-0.00706455021
-0.04593956347
-0.05514183335
-0.01172611257
-0.07098642344
-0.03892918318
-0.03197598655
-0.08058952290
-0.02527624890
-0.06117885070
-0.07095231840
-0.02635406759
-0.08512184567
-0.04957430083
-0.04587489569
-0.08999979436
-0.03262358264
-0.07422436615
-0.07270250729
-0.03471062950
-0.09266530198
-0.04568944981
-0.05681536228
-0.08646240490
-0.03012445859
-0.08243664524
-0.05834784846
-0.03929893733
-0.08851206801
-0.02970740862
-0.06485947431
-0.06557733031
-0.02411775905
-0.08060718311
-0.02971654722
-0.04443385328
-0.06559459796
-0.01096741669
-0.06608118094
-0.02730565621
-0.02375814467
-0.05903549048
0.00147430878
-0.04817731230
-0.02118395416
-0.00397102769
-0.04771174321
0.01437510970
-0.02942228561
-0.01134051801
0.01447504900
-0.03366983694
0.02827079977
-0.01163229253
0.00151683669
0.03120666940
-0.01867398250
0.04302477480
0.00387886493
0.01644624958
0.04560306405
-0.00397654531
0.05793866210
0.01614988225
0.03255287756
0.05670286223
0.00977745748
0.07183736310
0.02458837451
0.04904254264
0.06329266983
0.02257701623
0.08307699470
0.02916605502
0.06504474557
0.06418784126
0.03495365301
0.08954532384
0.03072184196
0.07922259654
0.05876193031
0.04762507992
0.08885065964
0.03117483307
0.08929116824
0.04772645578
0.06071421992
0.07899118383
0.03327337432
0.09180145465
0.03391465277
0.07258301627
0.05971757763
0.03941365765
0.08283508832
0.02237089917
0.07885839912
0.03430417565
0.04937977315
0.06024534650
0.01867597832
0.07297766794
0.01042162487
0.05796084015
0.02715478102
0.02491881893
0.04976767366
-0.00215414679
0.05507791994
-0.00573519433
0.03495886888
0.01177044306
0.00159489503
0.03155310417
-0.02350641702
0.03408080398
-0.02637795694
0.01366634761
-0.01012657023
-0.01855995648
0.00877594997
-0.04387154865
0.01310313307
-0.04936728272
-0.00340984250
-0.03599150911
-0.03290529561
-0.01663625196
-0.05966262029
-0.00691136347
-0.07052789654
-0.01533476265
-0.06255108653
-0.03893254106
-0.04370172431
-0.06603563042
-0.02726582121
-0.08362117580
-0.02400098004
-0.08446939972
-0.03664886266
-0.07033708019
-0.05933226527
-0.05012027332
-0.08138051659
-0.03472038278
-0.09298619569
-0.03164254513
-0.08968608254
-0.04191739127
-0.07378061748
-0.06036605242
-0.05256654760
-0.07852748577
-0.03469247663
-0.08854112900
-0.02649247423
-0.08621527333
-0.02978939294
-0.07220185016
-0.04176566299
-0.05116715534
-0.05657359419
-0.02963517058
-0.06777437429
-0.01352539892
-0.07058993753
-0.00629509661
-0.06323857070
-0.00818824631
-0.04709598486
-0.01661416285
-0.02586471019
-0.02731151190
-0.00420494472
-0.03579003982
0.01366175200
-0.03857838749
0.02497734278
-0.03397441574
0.02890278037
-0.02220593214
0.02640950363
-0.00509010024
0.01975923547
0.01461287543
0.01179035427
0.03392973927
0.00522058365
0.05030288891
0.00211749971
0.06200459901
0.00361034089
0.06830140973
0.00984414810
0.06939654217
0.02012581571
0.06621661574
0.03318641812
0.06012170039
0.04748243716
0.05261033886
0.06147299776
0.04507171193
0.07383260810
0.03861362175
0.08358202486
0.03397343134
0.09013889903
0.03150310844
0.09330255479
0.03121018561
0.09319338749
0.03283319168
0.09016810484
0.03593147606
0.08472907761
0.03997342722
0.07744124327
0.04441230620
0.06886472392
0.04874399229
0.05950663214
0.05254512905
0.04979192530
0.05549314452
0.04005081733
0.05737137443
0.03051904786
0.05806324419
0.02134700034
0.05753942879
0.01261396846
0.05584139071
0.00434454066
0.05306395814
-0.00347516128
0.04933880287
-0.01088284794
0.04481994749
-0.01792784550
0.03967184029
-0.02466158438
0.03406009230
-0.03113070561
0.02814467494
-0.03737248633
0.02207520891
-0.04341214538
0.01598790616
-0.04926157667
0.01000371621
-0.05491907123
0.00422727271
-0.06036963522
-0.00125369429
-0.06558559999
-0.00636875073
-0.07052729165
-0.01106511941
-0.07514360854
-0.01530812543
-0.07937244588
-0.01908172530
-0.08314098448
-0.02238906276
-0.08636593292
-0.02525290483
-0.08895391305
-0.02771572685
-0.09080224657
-0.02983913581
-0.09180048514
-0.03170225501
-0.09183309354
-0.03339862929
-0.09078372722
-0.03503119772
-0.08854156346
-0.03670490500
-0.08501004599
-0.03851665524
-0.08011825505
-0.04054252585
-0.07383481487
-0.04282253670
-0.06618380384
-0.04534378757
-0.05726154542
-0.04802343453
-0.04725242423
-0.05069377478
-0.03644107388
-0.05309246733
-0.02521754764
-0.05486160956
-0.01407154325
-0.05555967448
-0.00357175293
-0.05469001849
0.00567289909
-0.05174845895
0.01307159663
-0.04629006300
0.01812802630
-0.03801168934
0.02052913287
-0.02684211694
0.02023543704
-0.01302633715
0.01755693138
0.00281426171
0.01319445577
0.01966703453
0.00822511225
0.03617901834
0.00401352999
0.05078803859
0.00204010820
0.06193562992
0.00365337917
0.06834439772
0.00977515060
0.06931932622
0.02061059473
0.06501014880
0.03543490743
0.05655740222
0.05253558252
0.04604652680
0.06937657601
0.03621958815
0.08301224171
0.02994561718
0.09071571227
0.02952304493
0.09070856344
0.03596569145
0.08280681290
0.04848206201
0.06876122185
0.06436622166
0.05209628186
0.07945257175
0.03735956563
0.08914002716
0.02887348515
0.08978768844
0.02929297007
0.08008348273
0.03844065652
0.06187441223
0.05292732102
0.04000522118
0.06690186380
0.02098251514
0.07390811089
0.01072244160
0.06934626286
0.01211094251
0.05262919441
0.02339235748
0.02801167742
0.03829732551
0.00341567072
0.04823821428
-0.01263814886
0.04597464407
-0.01491361625
0.02925770228
-0.00438756683
0.00259767659
0.01148358360
-0.02415474094
0.02184058501
-0.04028904685
0.01782215808
-0.03989209528
-0.00230081380
-0.02567493226
-0.03128680551
-0.00837183979
-0.05609569440
-0.00125437229
-0.06504499144
-0.01228668541
-0.05515206998
-0.03852099101
-0.03493303352
-0.06681080792
-0.02000516660
-0.08144625353
-0.02327806464
-0.07458372115
-0.04572223935
-0.05250777416
-0.07446787813
-0.03247345204
-0.09082171401
-0.03099152038
-0.08368804802
-0.05121643301
-0.05879264253
-0.07923275308
-0.03571413424
-0.09358418767
-0.03331898537
-0.08213635564
-0.05407688181
-0.05306822733
-0.08053092595
-0.02962210971
-0.08874896713
-0.03097525623
-0.06906515665
-0.05466434566
-0.03607949627
-0.07708669529
-0.01707631771
-0.07402934021
-0.02709958945
-0.04395822871
-0.05337641454
-0.01134315785
-0.06589688105
-0.00410086476
-0.04663916741
-0.02522628111
-0.00922930802
-0.04784100148
0.01310711960
-0.04184380561
0.00201548310
-0.00664495725
-0.02471242621
0.02601594906
-0.03070100222
0.02586358608
-0.00157389091
-0.00074274558
0.03662768299
-0.01592274524
0.04577189142
0.00606544457
0.02119677661
0.04631843528
-0.00039899815
0.06200718344
0.01524173423
0.03941396964
0.05562029240
0.01350128558
0.07489529000
0.02461488647
0.05293523586
0.06445289892
0.02413423973
0.08447720048
0.03307476465
0.06112160370
0.07242980114
0.03058137942
0.09041458355
0.04001572649
0.06348241889
0.07904134673
0.03264209919
0.09199809829
0.04540388442
0.05970473656
0.08364405700
0.03088890213
0.08821028317
0.04964876146
0.04989664787
0.08527051363
0.02673567049
0.07791021309
0.05323009352
0.03502307472
0.08237020236
0.02234475136
0.06029600486
0.05603482874
0.01740987787
0.07274462635
0.02009035933
0.03578527331
0.05652203525
0.00095785456
0.05411051652
0.02132347327
0.00719539730
0.05121689262
-0.00957843432
0.02570434483
0.02457966618
-0.01949861556
0.03550427559
-0.01088127447
-0.00925706376
0.02430496839
-0.03627554247
0.00667541802
-0.00463796548
-0.04186844515
0.01225004206
-0.03740668171
-0.03128206601
0.00006159115
-0.05971276223
-0.01662478132
-0.02603075756
-0.06488201977
-0.01001274306
-0.05521386137
-0.05567265415
-0.01726401553
-0.07655879511
-0.04079804444
-0.03642240599
-0.08409942019
-0.02953705807
-0.06034597497
-0.07823991292
-0.02759933155
-0.08086091403
-0.06402854598
-0.03569150682
-0.09214673318
-0.04807449988
-0.05049167080
-0.09221185964
-0.03581643630
-0.06682425995
-0.08254204208
-0.03006362879
-0.07980255579
-0.06669400098
-0.03088268043
-0.08619499797
-0.04870032397
-0.03637965176
-0.08484473157
-0.03187464562
-0.04379516204
-0.07636394473
-0.01823351814
-0.05046316022
-0.06246910593
-0.00846568358
-0.05441219426
-0.04528160316
-0.00224257447
-0.05458702213
-0.02679144973
0.00134703330
-0.05078508118
-0.00855178342
0.00339610782
-0.04343812882
0.00841856657
0.00489268965
-0.03335202032
0.02358957807
0.00656434383
-0.02147784697
0.03680208339
0.00883225680
-0.00874768759
0.04813274991
0.01183858327
0.00402105088
0.05777588089
0.01551155049
0.01616502089
0.06595676929
0.01964143201
0.02717605848
0.07287798150
0.02395083950
0.03668120470
0.07869268517
0.02815158023
0.04441485943
0.08349649452
0.03198628232
0.05019186036
0.08732955423
0.03525623692
0.05388652972
0.09018225070
0.03783796974
0.05542018750
0.09200007130
0.03969075918
0.05475812239
0.09268529468
0.04085616642
0.05191625068
0.09209525666
0.04144923823
0.04697711271
0.09003898907
0.04163967507
0.04011403365
0.08627616785
0.04162044419
0.03162068280
0.08052448027
0.04156151569
0.02194056668
0.07248334287
0.04154837938
0.01168716373
0.06188260135
0.04150937233
0.00164091866
0.04856298136
0.04114313392
-0.00729439037
0.03258898959
0.03986724946
-0.01419371321
0.01438303852
0.03681928585
-0.01828233109
-0.00514845645
0.03094749117
-0.01917045054
-0.02454776977
0.02122339427
-0.01711351613
-0.04186565910
0.00698395727
-0.01322029252
-0.05491722535
-0.01163899619
-0.00949220316
-0.06176992389
-0.03331662400
-0.00856433206
-0.06142027652
-0.05533727372
-0.01306214091
-0.05449236716
-0.07386145349
-0.02461441615
-0.04365787066
-0.08478113667
-0.04276906342
-0.03340810037
-0.08514297226
-0.06428336562
-0.02890370377
-0.07475623795
-0.08337264306
-0.03396447853
-0.05724644123
-0.09332974988
-0.04881007475
-0.03966737273
-0.08936037109
-0.06870355063
-0.03012602787
-0.07161266010
-0.08477867053
-0.03383611481
-0.04663617227
-0.08763146014
-0.04932758696
-0.02555961497
-0.07265831091
-0.06741102809
-0.01867415852
-0.04428329614
-0.07488423427
-0.02863590476
-0.01553033387
-0.06235914421
-0.04674096236
-0.00126080308
-0.03194844920
-0.05646233700
-0.00781190025
0.00143006164
-0.04428074991
-0.02619993929
0.01873608449
-0.01136342669
-0.03615287471
0.01158684212
0.02405629874
-0.02128211649
-0.00829191462
0.03916214653
0.01509913431
-0.01592172777
0.02680071499
0.04901634640
0.00520495513
0.00535582566
0.05560065267
0.04459990810
0.00439811080
0.03471684375
0.07080044064
0.03464270163
0.01529904922
0.06241623614
0.07243147333
0.02706296332
0.03443135147
0.08164391557
0.06502251723
0.02581458036
0.05581616398
0.09003255736
0.05401413209
0.03082759829
0.07410234985
0.08870327645
0.04340694208
0.03960212800
0.08609419767
0.08044414997
0.03503627948
0.04899696139
0.09084421988
0.06817269723
0.02895319984
0.05643120801
0.08899244932
0.05410871861
0.02421555164
0.06036515230
0.08196571406
0.03958015996
0.01960907647
0.06026674550
0.07136912530
0.02519650906
0.01410379634
0.05633635467
0.05865209198
0.01114483224
0.00704686765
0.04918965948
0.04499422309
-0.00253934833
-0.00182337919
0.03959820294
0.03131672891
-0.01578313067
-0.01244933671
0.02831296959
0.01833766515
-0.02837075955
-0.02454306380
0.01595948266
0.00661805181
-0.03990192260
-0.03765185982
0.00298462948
-0.00342824963
-0.04979530181
-0.05118204206
-0.01035661576
-0.01156948507
-0.05733106166
-0.06437845272
-0.02397199403
-0.01782962775
-0.06174079212
-0.07627231749
-0.03784416676
-0.02257748887
-0.06236379896
-0.08563035665
-0.05186335854
-0.02658421556
-0.05888553358
-0.09096547948
-0.06557384344
-0.03097314399
-0.05164535642
-0.09069653587
-0.07787363353
-0.03696668115
-0.04193615649
-0.08354830586
-0.08678993382
-0.04535749711
-0.03212154994
-0.06922284027
-0.08955388316
-0.05574059274
-0.02530852155
-0.04920713295
-0.08324888519
-0.06576721441
-0.02433174205
-0.02731114868
-0.06618415914
-0.07097120842
-0.03006716689
-0.00927243943
-0.03972321670
-0.06587221497
-0.03967345986
-0.00080544315
-0.00959908267
-0.04672571289
-0.04608029796
-0.00418227400
0.01483890555
-0.01517457703
-0.04028577745
-0.01489959705
0.02466115550
0.01958347767
-0.01688432602
-0.02147238337
0.01783427971
0.04336566866
0.01964584927
-0.01110437931
0.00393316384
0.04562412591
0.05349859428
0.01985950631
0.00098103564
0.02987557614
0.06608073298
0.05822186938
0.02209650547
0.01593611671
0.05220613508
0.07949789922
0.06009722337
0.02587879924
0.03019484236
0.06890589909
0.08720627133
0.06044586304
0.02963372191
0.04107941702
0.07942386932
0.09055140322
0.05962314106
0.03171385789
0.04697853623
0.08392307193
0.09051249675
0.05755942848
0.03096700284
0.04714995360
0.08275426256
0.08767781159
0.05420663833
0.02696735235
0.04148219867
0.07618352054
0.08230970923
0.04976570717
0.02007261158
0.03037962002
0.06431374722
0.07435101996
0.04467457363
0.01139708841
0.01482003789
0.04717394727
0.06334925419
0.03935737829
0.00267842692
-0.00344577432
0.02501571280
0.04839745601
0.03375672934
-0.00408866351
-0.02168769444
-0.00112626794
0.02831668184
0.02677497370
-0.00741644113
-0.03628013436
-0.02867490017
0.00238206657
0.01598603187
-0.00750669653
-0.04352800657
-0.05295680017
-0.02824778166
-0.00173267023
-0.00740634093
-0.04158378640
-0.06773834840
-0.05884502570
-0.02800808950
-0.01294723852
-0.03304458561
-0.06788713603
-0.08070939995
-0.05950424982
-0.02987977687
-0.02626619870
-0.05409267052
-0.08435985058
-0.08562081432
-0.05789916145
-0.03212689434
-0.03663470050
-0.06714455156
-0.09184172550
-0.08524084821
-0.05468409668
-0.03214512404
-0.04076886844
-0.07124359978
-0.09188916987
-0.08125838248
-0.04964274419
-0.02815981685
-0.03725904147
-0.06657262171
-0.08573015019
-0.07460536230
-0.04282757143
-0.01987277440
-0.02617957359
-0.05364989369
-0.07392906564
-0.06576853130
-0.03500589415
-0.00857182176
-0.00890322777
-0.03315987496
-0.05633437002
-0.05467764774
-0.02739772303
0.00305292011
0.01171183958
-0.00641885821
-0.03229974315
-0.04023747440
-0.02070699919
0.01159796864
0.03105567500
0.02354916380
-0.00159647176
-0.02007877415
-0.01362628910
0.01464497811
0.04327876136
0.05079164607
0.03352892970
0.00831513203
-0.00178766344
0.01356431051
0.04386403800
0.06665001089
0.06574205566
0.04398443985
0.02059211636
0.01569867322
0.03460856493
0.06399209541
0.08255745966
0.07752970634
0.05418799698
0.03147997439
0.02748640869
0.04594170365
0.07377665144
0.09111356862
0.08596137989
0.06275611720
0.03879057164
0.03152201941
0.04613016982
0.07212831479
0.09108910883
0.08968961877
0.06883237024
0.04269792015
0.02874209695
0.03576641869
0.05818477341
0.08010227123
0.08612969829
0.07153620085
0.04510124789
0.02307969154
0.01851796874
0.03296026739
0.05574458951
0.07104635823
0.06794583496
0.04712004045
0.02014268523
0.00210824237
0.00234255754
0.01890440335
0.04003722514
0.05143102137
0.04476132446
0.02243216483
-0.00409444469
-0.02115807643
-0.02079619242
-0.00513022162
0.01509941091
0.02678789161
0.02182757676
0.00145919108
-0.02465094122
-0.04388638974
-0.04756117536
-0.03545908922
-0.01571683820
-0.00030942680
0.00131347775
-0.01294124406
-0.03693272839
-0.05964024759
-0.07086728120
-0.06632849179
-0.04961262568
-0.03018875524
-0.01860696266
-0.02134916613
-0.03782602879
-0.06085838493
-0.08025863330
-0.08769051902
-0.08048693772
-0.06271126377
-0.04310287877
-0.03098214196
-0.03205033263
-0.04596122790
-0.06665426750
-0.08517379438
-0.09363376104
-0.08856860394
-0.07227148468
-0.05165110873
-0.03520497040
-0.02945526607
-0.03633797415
-0.05256140018
-0.07109614534
-0.08409593565
-0.08602216126
-0.07573682097
-0.05680270374
-0.03596568167
-0.02048951581
-0.01540740488
-0.02172172869
-0.03616948206
-0.05255833799
-0.06410676311
-0.06589476695
-0.05654754138
-0.03859948940
-0.01748183931
0.00044312281
0.01007826579
0.00926296649
-0.00061139464
-0.01518806165
-0.02867525360
-0.03577150510
-0.03334579815
-0.02135233216
-0.00273533259
0.01758945410
0.03431071260
0.04334337327
0.04300529851
0.03442408343
0.02109888716
0.00779437416
-0.00087526161
-0.00175036955
0.00604275010
0.02093645053
0.03944444251
0.05717921045
0.07006010718
0.07537898030
0.07245184415
0.06271288287
0.04926144955
0.03601143429
0.02668153644
0.02388685997
0.02854782027
0.03973896723
0.05498533995
0.07090721957
0.08404004511
0.09162909897
0.09221987181
0.08592517985
0.07433155765
0.06008986312
0.04630014596
0.03583617661
0.03075610159
0.03191576630
0.03884986150
0.04992607347
0.06272205920
0.07453498923
0.08291500139
0.08611846561
0.08340110148
0.07510799104
0.06255892547
0.04776515782
0.03304092179
0.02058625741
0.01211593999
0.00859464941
0.01011497713
0.01592749592
0.02460604682
0.03431080993
0.04309942123
0.04923338694
0.05143272337
0.04904419155
0.04210492425
0.03130065428
0.01783338937
0.00322510070
-0.01090945257
-0.02308655073
-0.03214364138
-0.03737307772
-0.03858663528
-0.03610847810
-0.03070379805
-0.02345788394
-0.01562509967
-0.00846895578
-0.00311331684
-0.00042130192
-0.00091339554
-0.00473045000
-0.01164150377
-0.02109129315
-0.03227848571
-0.04425331920
-0.05602251572
-0.06664994849
-0.07534328922
-0.08151942987
-0.08484442889
-0.08524674302
-0.08290524904
-0.07821576978
-0.07174140288
-0.06415278348
-0.05616459597
-0.04847418814
-0.04170724718
-0.03637426686
-0.03284015611
-0.03130794886
-0.03181631595
-0.03424950143
-0.03835751503
-0.04378390933
-0.05009823776
-0.05683033608
-0.06350381789
-0.06966658148
-0.07491663964
-0.07892213837
-0.08143498359
-0.08229800297
-0.08144600719
-0.07890145137
-0.07476564338
-0.06920658915
-0.06244460376
-0.05473679464
-0.04636142047
-0.03760299473
-0.02873882289
-0.02002748062
-0.01169956010
-0.00395083847
0.00306213974
0.00922418063
0.01446148941
0.01873994482
0.02206192173
0.02446202896
0.02600209750
0.02676574895
0.02685284065
0.02637402909
0.02544566532
0.02418517190
0.02270700930
0.02111930547
0.01952116520
0.01800066049
0.01663346777
0.01548210207
0.01459567623
0.01401011507
0.01374874451
0.01382317116
0.01423438407
0.01497400134
0.01602560190
0.01736608383
0.01896700964
0.02079589113
0.02281739478
0.02499444093
0.02728918344
0.02966386463
0.03208154172
0.03450668709
0.03690566555
0.03924710271
0.04150214760
0.04364464122
0.04565121157
0.04750129179
0.04917708383
0.05066347699
0.05194792636
0.05302030333
0.05387272752
0.05449938561
0.05489634184
0.05506134705
0.05499364875
0.05469381131
0.05416353765
0.05340550580
0.05242321613
0.05122085027
0.04980314588
0.04817528109
0.04634277819
0.04431141696
0.04208716346
0.03967611599
0.03708445946
0.03431843746
0.03138433734
0.02828848931
0.02503727851
0.02163717251
0.01809476272
0.01441682038
0.01061036531
0.00668275172
0.00264176773
-0.00150425313
-0.00574630454
-0.01007456798
-0.01447826299
-0.01894548911
-0.02346305930
-0.02801633310
-0.03258904594
-0.03716315016
-0.04171866473
-0.04623354429
-0.05068357400
-0.05504230383
-0.05928102483
-0.06336880359
-0.06727258467
-0.07095737083
-0.07438649590
-0.07752199686
-0.08032510040
-0.08275682463
-0.08477871058
-0.08635367531
-0.08744699587
-0.08802740308
-0.08806828488
-0.08754896870
-0.08645605700
-0.08478478234
-0.08254032659
-0.07973906148
-0.07640963635
-0.07259384476
-0.06834720333
-0.06373914680
-0.05885277431
-0.05378406468
-0.04864049581
-0.04353901480
-0.03860332970
-0.03396051343
-0.02973695156
-0.02605369417
-0.02302132602
-0.02073450533
-0.01926638329
-0.01866314284
-0.01893896100
-0.02007171379
-0.02199977178
-0.02462024157
-0.02778898189
-0.03132269170
-0.03500329064
-0.03858472048
-0.04180216571
-0.04438354138
-0.04606292413
-0.04659541760
-0.04577276360
-0.04343883057
-0.03950397591
-0.03395717463
-0.02687479053
-0.01842489236
-0.00886617324
0.00145922834
0.01213937253
0.02271255253
0.03269314079
0.04160211530
0.04900056980
0.05452401956
0.05791488218
0.05905027849
0.05796225483
0.05484774915
0.05006613275
0.04412295220
0.03763956637
0.03130964015
0.02584483763
0.02191345448
0.02007693106
0.02073011182
0.02405156017
0.02997006254
0.03815261894
0.04801764124
0.05877486172
0.06949072031
0.07917498407
0.08688139342
0.09181256999
0.09341766161
0.09147059811
0.08611763207
0.07788520055
0.06764296979
0.05652198076
0.04579357913
0.03672062712
0.03039755683
0.02759930362
0.02866029982
0.03340301907
0.04113083022
0.05069239689
0.06061530741
0.06929612092
0.07522413907
0.07720857188
0.07457488197
0.06729718043
0.05604009723
0.04209525898
0.02721315353
0.01334854589
0.00235407427
-0.00433092239
-0.00594360430
-0.00256309240
0.00485924074
0.01462154324
0.02453612219
0.03230038483
0.03591397045
0.03406729235
0.02642493472
0.01374052000
-0.00223305682
-0.01903654032
-0.03395743587
-0.04456345287
-0.04921217048
-0.04742826166
-0.04005799317
-0.02915074035
-0.01757264419
-0.00841747087
-0.00433117851
-0.00689662576
-0.01622385068
-0.03085602877
-0.04803614895
-0.06429703883
-0.07625590060
-0.08143432934
-0.07890341227
-0.06958061203
-0.05607917320
-0.04211753762
-0.03161121637
-0.02766302471
-0.03171208326
-0.04308018663
-0.05906506836
-0.07559141451
-0.08827610765
-0.09363633848
-0.09010745339
-0.07856642716
-0.06217734818
-0.04556076571
-0.03348999063
-0.02947498030
-0.03465560883
-0.04736247490
-0.06352259940
-0.07783526956
-0.08539355764
-0.08326064267
-0.07148927243
-0.05321822335
-0.03375869536
-0.01891483742
-0.01305829222
-0.01759692237
-0.03038671856
-0.04634574398
-0.05912438988
-0.06330134556
-0.05635012195
-0.03965297309
-0.01813865083
0.00139984255
0.01275558351
0.01264860435
0.00206372328
-0.01398187458
-0.02823715527
-0.03396505502
-0.02760846876
-0.01030993042
0.01238614135
0.03262448974
0.04336299623
0.04129462704
0.02833984383
0.01100795809
-0.00221175654
-0.00441383339
0.00669502376
0.02764980086
0.05056234933
0.06647046400
0.06930293680
0.05870128212
0.04035650022
0.02358378990
0.01712366615
0.02504549045
0.04468947339
0.06772395993
0.08396059818
0.08621425260
0.07388738896
0.05345603750
0.03547060409
0.02940796233
0.03886998459
0.05958510491
0.08136629855
0.09319541591
0.08892840506
0.07065396642
0.04782178689
0.03241516568
0.03258718143
0.04814173578
0.07041037295
0.08678665882
0.08760602525
0.07162535310
0.04695258958
0.02670135033
0.02163071612
0.03388651752
0.05552887425
0.07291164602
0.07457691132
0.05811883530
0.03186231444
0.01012720586
0.00469116076
0.01752276442
0.03932075077
0.05500479156
0.05300345338
0.03263612383
0.00482302207
-0.01459906345
-0.01494389727
0.00227296912
0.02402718281
0.03407222883
0.02362472712
-0.00259104278
-0.02918354991
-0.04024094823
-0.03014981897
-0.00768586064
0.00970788536
0.00784744278
-0.01418155712
-0.04306272573
-0.06035984330
-0.05556282328
-0.03382529424
-0.01259034314
-0.00915529396
-0.02797313883
-0.05706685942
-0.07655663677
-0.07335376487
-0.05116816210
-0.02806820125
-0.02301011848
-0.04129616046
-0.07017144633
-0.08834592844
-0.08247238428
-0.05783318749
-0.03455464787
-0.03186790191
-0.05264738314
-0.08073638735
-0.09367471362
-0.08093714418
-0.05284906291
-0.03247456450
-0.03666523159
-0.06180262821
-0.08642503837
-0.08907155213
-0.06660597190
-0.03728893040
-0.02543940730
-0.04042140688
-0.06815480559
-0.08302945907
-0.07033680033
-0.03958317465
-0.01646639222
-0.02006069485
-0.04541332896
-0.06758736751
-0.06412347523
-0.03579129990
-0.00633398119
-0.00078699738
-0.02203885427
-0.04768771649
-0.05080289505
-0.02552257767
0.00691863897
0.01814434633
0.00000767875
-0.02709303154
-0.03368504870
-0.01011230284
0.02351891537
0.03682056967
0.01937600414
-0.00840693110
-0.01541235486
0.00868271760
0.04245513786
0.05420771773
0.03457908391
0.00667520195
0.00247528591
0.02936003507
0.06186925782
0.06816723455
0.04392504848
0.01744217242
0.01966938612
0.05067648059
0.07903758605
0.07572353147
0.04611318529
0.02462069606
0.03689100467
0.07096729174
0.09009278692
0.07381287104
0.04146670472
0.03078228013
0.05491915831
0.08689660983
0.09017509767
0.06101955961
0.03340240580
0.03969509588
0.07241676355
0.09246811957
0.07524268217
0.04034044515
0.02868037914
0.05334701828
0.08325039067
0.08039736731
0.04640100354
0.02111590521
0.03387871956
0.06684584661
0.07657585880
0.04820107546
0.01463182831
0.01557553887
0.04708116146
0.06593877287
0.04462606755
0.00708456107
-0.00155080389
0.02657184573
0.05119976047
0.03618665984
-0.00270748372
-0.01794760584
0.00692082804
0.03480835365
0.02416638200
-0.01497398411
-0.03385037242
-0.01081481110
0.01867593269
0.00996921448
-0.02929096540
-0.04900717939
-0.02574472185
0.00414803625
-0.00526252949
-0.04486462257
-0.06262768362
-0.03697407305
-0.00799679200
-0.02081201000
-0.06066090217
-0.07342508928
-0.04365715773
-0.01761579842
-0.03636841349
-0.07534579495
-0.07972456637
-0.04527258284
-0.02531126663
-0.05179456221
-0.08708219495
-0.07972511725
-0.04209694235
-0.03242935345
-0.06661894150
-0.09334516513
-0.07207796004
-0.03575104488
-0.04068000443
-0.07927679532
-0.09108951721
-0.05689260524
-0.02945826027
-0.05109336665
-0.08641957290
-0.07773517706
-0.03695818050
-0.02736714492
-0.06232921709
-0.08308699804
-0.05323642372
-0.01830325185
-0.03229972080
-0.06918578620
-0.06481818133
-0.02257283692
-0.00855225467
-0.04221116534
-0.06328492588
-0.03201001894
0.00364175114
-0.01196055673
-0.04780359863
-0.03806099076
0.00577385912
0.01370731742
-0.02292006611
-0.03578488914
0.00279022288
0.03119427210
0.00512574847
-0.02457060813
-0.00029823789
0.04067488029
0.03117749525
-0.00678875346
-0.00033596856
0.04436234354
0.05228905538
0.01406415320
0.00360997208
0.04484586387
0.06757127099
0.03476083477
0.01081122597
0.04409601695
0.07746310747
0.05300783618
0.01970311770
0.04315386961
0.08297703725
0.06753135497
0.02856701809
0.04225887187
0.08517865635
0.07785852701
0.03593511334
0.04115284575
0.08493634670
0.08401746846
0.04074886409
0.03938571611
0.08286790068
0.08627845099
0.04236253785
0.03654576199
0.07938881341
0.08497563082
0.0404796
