0.
0.01272351062
0.02441484443
0.02419731681
0.01334741712
0.00272220700
-0.00150482170
-0.00080332253
0.00143379764
0.00359599992
0.00556412015
0.00758756048
0.00984902357
0.01239423454
0.01509074403
0.01766459087
0.01987373087
0.02167326732
0.02321545276
0.02472651945
0.02639977410
0.02836436649
0.03069726854
0.03343140439
0.03654020106
0.03990736292
0.04331344708
0.04647608910
0.04914506589
0.05119696930
0.05266457070
0.05369140646
0.05445749519
0.05512420248
0.05581295417
0.05660590317
0.05755185822
0.05866809118
0.05993707546
0.06130273616
0.06267303950
0.06393399905
0.06497392827
0.06570929872
0.06610091474
0.06615436055
0.06590772165
0.06541507948
0.06473341422
0.06391586899
0.06301031750
0.06206046999
0.06110718449
0.06018875561
0.05933991376
0.05858986753
0.05795997076
0.05746156138
0.05709450666
0.05684670780
0.05669468476
0.05660509897
0.05653693222
0.05644401230
0.05627756773
0.05598867565
0.05553047426
0.05486014924
0.05394064375
0.05274207350
0.05124277081
0.04942991509
0.04729973216
0.04485725115
0.04211567264
0.03909541774
0.03582295043
0.03232945234
0.02864945597
0.02481951480
0.02087695950
0.01685881011
0.01280085417
0.00873692197
0.00469834172
0.00071358587
-0.00319194375
-0.00699598437
-0.01067936234
-0.01422592067
-0.01762233491
-0.02085793631
-0.02392452079
-0.02681615725
-0.02952902728
-0.03206126496
-0.03441283771
-0.03658543307
-0.03858236843
-0.04040850900
-0.04207018871
-0.04357512358
-0.04493232972
-0.04615199955
-0.04724538995
-0.04822465841
-0.04910269584
-0.04989291094
-0.05060900394
-0.05126470113
-0.05187345920
-0.05244815648
-0.05300073065
-0.05354181836
-0.05408035006
-0.05462313975
-0.05517443709
-0.05573550446
-0.05630416490
-0.05687439649
-0.05743596770
-0.05797415620
-0.05846959513
-0.05889829409
-0.05923189477
-0.05943820368
-0.05948205640
-0.05932652739
-0.05893447924
-0.05827040014
-0.05730243048
-0.05600444574
-0.05435801410
-0.05235404540
-0.04999396083
-0.04729022568
-0.04426618262
-0.04095515204
-0.03739887722
-0.03364543955
-0.02974681800
-0.02575630750
-0.02172603466
-0.01770475323
-0.01373611531
-0.00985755123
-0.00609980479
-0.00248715701
0.00096181594
0.00423309394
0.00731595794
0.01020208746
0.01288519102
0.01536151722
0.01763120762
0.01970019940
0.02158216115
0.02329977936
0.02488491646
0.02637736276
0.02782227574
0.02926662621
0.03075508505
0.03232572472
0.03400582925
0.03580809910
0.03772761127
0.03974020356
0.04180320181
0.04385947545
0.04584523400
0.04770076804
0.04938175594
0.05086784409
0.05216561370
0.05330480375
0.05432882645
0.05528211847
0.05619716199
0.05708373219
0.05792245523
0.05866475238
0.05924099240
0.05957708017
0.05961622599
0.05933848650
0.05876912757
0.05797047888
0.05701913519
0.05597661642
0.05486318675
0.05364205475
0.05221769931
0.05045015709
0.04818508093
0.04529476089
0.04171756623
0.03747865338
0.03268068249
0.02746889238
0.02198898381
0.01635847010
0.01066244486
0.00497146790
-0.00063108513
-0.00603022708
-0.01108451513
-0.01565755952
-0.01965906055
-0.02306979391
-0.02593510328
-0.02833264611
-0.03033515915
-0.03198995034
-0.03332707437
-0.03439176514
-0.03527893185
-0.03614132445
-0.03715862952
-0.03848146847
-0.04017816498
-0.04220637089
-0.04442042175
-0.04661807248
-0.04861629725
-0.05032078242
-0.05174319185
-0.05295001362
-0.05397590269
-0.05475943928
-0.05514759171
-0.05498106192
-0.05422134671
-0.05303273928
-0.05174632948
-0.05072250794
-0.05020724907
-0.05026838388
-0.05083254697
-0.05178807322
-0.05308648544
-0.05476883632
-0.05688887296
-0.05938194527
-0.06196880177
-0.06417030445
-0.06546342024
-0.06551477616
-0.06432152423
-0.06212464556
-0.05916573315
-0.05550978725
-0.05108712865
-0.04590449452
-0.04021367259
-0.03445122170
-0.02899239781
-0.02395353987
-0.01922105954
-0.01457770310
-0.00986409051
-0.00502459473
-0.00004610326
0.00510508662
0.01046046894
0.01596936073
0.02147979157
0.02683977420
0.03201133490
0.03703640973
0.04186632313
0.04625370836
0.04987177643
0.05257203030
0.05447631535
0.05575451182
0.05634624392
0.05600882063
0.05471513347
0.05295584696
0.05152809173
0.05100513315
0.05144644780
0.05255935034
0.05405239501
0.05580004791
0.05766214032
0.05920589038
0.05976895870
0.05899855143
0.05735631913
0.05589338459
0.05545956941
0.05623902354
0.05796808445
0.06035793827
0.06316436431
0.06586844964
0.06748914324
0.06706526062
0.06457759370
0.06120014818
0.05837522748
0.05683510306
0.05661198098
0.05754116850
0.05933944809
0.06121071963
0.06170112522
0.05943039407
0.05429077122
0.04763373610
0.04104923379
0.03542357044
0.03113108139
0.02823724887
0.02615313986
0.02350232945
0.01872680851
0.01111066062
0.00132973678
-0.00910382115
-0.01864737415
-0.02602471514
-0.03080728661
-0.03403790354
-0.03755886587
-0.04274066087
-0.05007356284
-0.05931321972
-0.06940380695
-0.07828110392
-0.08368017276
-0.08525606416
-0.08515748972
-0.08562678689
-0.08741456256
-0.09074514625
-0.09573999176
-0.10110242990
-0.10381180747
-0.10181274870
-0.09661266895
-0.09143740065
-0.08799919192
-0.08684948258
-0.08850033241
-0.09217350079
-0.09484400635
-0.09357252425
-0.08891577586
-0.08417626594
-0.08171064017
-0.08234063240
-0.08641540989
-0.09279867249
-0.09793938732
-0.09834977276
-0.09451962344
-0.09008160406
-0.08754809000
-0.08782420619
-0.09123542985
-0.09601864906
-0.09785702721
-0.09377645084
-0.08581181926
-0.07815540983
-0.07318278941
-0.07197891621
-0.07406265176
-0.07585854949
-0.07275922297
-0.06399092334
-0.05332154707
-0.04463082801
-0.04006787730
-0.03973967922
-0.04044899778
-0.03725164723
-0.02777613150
-0.01458623960
-0.00236954168
0.00516637556
0.00724678070
0.00732921904
0.01034198515
0.01889768665
0.03135911806
0.04281787683
0.04820078210
0.04662179638
0.04259225229
0.04108930813
0.04451767045
0.05156663032
0.05692674706
0.05510913508
0.04646283358
0.03672762275
0.03105791855
0.03172864916
0.03633155268
0.03865749636
0.03436206107
0.02588251429
0.01969635862
0.02078276088
0.02957861043
0.04087258611
0.04769739526
0.04781246482
0.04641005041
0.04990607984
0.06107225710
0.07734641601
0.09112004271
0.09613553749
0.09562555736
0.09704541218
0.10407330749
0.11683916303
0.12911580606
0.13176060107
0.12569975396
0.11978653915
0.11886330790
0.12463544411
0.13263324427
0.13253362675
0.12291683265
0.11283619609
0.10800109201
0.11036649346
0.11565016491
0.11299289438
0.10006172675
0.08610499030
0.07819501851
0.07886705297
0.08305548721
0.08005614003
0.06806308103
0.05619231492
0.05186335622
0.05653742675
0.06266276189
0.05944681981
0.04680454608
0.03455717222
0.03016812831
0.03335645993
0.03433376703
0.02409017607
0.00601495152
-0.00895682725
-0.01379310946
-0.01273903298
-0.01690887941
-0.03121557936
-0.04890579562
-0.05798167989
-0.05520172670
-0.05099009741
-0.05508690999
-0.06825087524
-0.08003045415
-0.07952408522
-0.07197735578
-0.06997240221
-0.07929007319
-0.09489312477
-0.10264179763
-0.09917356250
-0.09677574214
-0.10365308170
-0.11923691587
-0.13041498383
-0.12630696464
-0.11734222204
-0.11541201874
-0.12393814147
-0.13403703378
-0.13012177368
-0.11741837582
-0.11040042759
-0.11494668900
-0.12590371920
-0.12645896999
-0.11615972875
-0.10989771740
-0.11447374151
-0.12603135090
-0.12701512277
-0.11325698067
-0.10079864040
-0.09910723603
-0.10629695330
-0.10514431029
-0.08920761650
-0.07424655956
-0.07161872069
-0.07953112602
-0.08055675618
-0.06729284978
-0.05441252860
-0.05343981246
-0.06092037609
-0.05879264765
-0.04134309307
-0.02468486605
-0.02144972615
-0.02627858948
-0.02100114532
-0.00275738072
0.01139714243
0.00959455830
0.00214853511
0.00724823729
0.02466547824
0.03611836037
0.03263355477
0.02921275013
0.04083223516
0.06145266606
0.07022309376
0.06371678621
0.06128724035
0.07342245317
0.08931981246
0.08884737720
0.07911620178
0.08024924371
0.09654975439
0.11016672989
0.10580244988
0.09995580920
0.10718931260
0.12354469960
0.12606984060
0.11378446641
0.10894645707
0.11931760240
0.13098869670
0.12402035165
0.11411666964
0.11835478808
0.13401375397
0.13622157335
0.12140338503
0.11372585176
0.12170393260
0.13012549664
0.11813631330
0.10415339564
0.10631638441
0.11994622884
0.11790857932
0.10109055647
0.09390292072
0.10204903083
0.10458030553
0.08687173188
0.07248625372
0.07631513411
0.08540641268
0.07497720494
0.05791484586
0.05598106768
0.06460838463
0.05719593933
0.03553351121
0.02647638936
0.03443036846
0.03408498003
0.01564436966
0.00388471783
0.01070062723
0.01342276671
-0.00505086082
-0.02329142120
-0.02066217882
-0.01505688160
-0.02850464602
-0.04653874662
-0.04408669860
-0.03564795678
-0.04683926113
-0.06828373649
-0.07046780621
-0.06196665647
-0.06973975317
-0.08910576892
-0.08999759783
-0.07841795339
-0.08371958214
-0.10411738466
-0.10809960265
-0.09745801090
-0.10141993453
-0.11942669193
-0.12037304749
-0.10629913492
-0.10839049707
-0.12657644283
-0.12853390920
-0.11558556745
-0.11789860625
-0.13387084159
-0.13096189137
-0.11469489617
-0.11632890349
-0.13230831327
-0.12854731838
-0.11382095237
-0.11686865149
-0.13000234367
-0.11973982773
-0.10293166433
-0.10714793720
-0.11953092183
-0.10740237359
-0.09332573448
-0.09963373690
-0.10663757848
-0.08786314432
-0.07454214598
-0.08376453149
-0.08772510928
-0.06808885957
-0.05931448353
-0.06917200263
-0.06407774170
-0.04113258483
-0.03738031783
-0.04882694100
-0.03864197028
-0.01834259511
-0.02018442105
-0.02626807671
-0.00721608524
0.00911562660
0.00007643131
-0.00165815465
0.02010149376
0.02909756136
0.01942576704
0.02856970309
0.05076986756
0.04838627734
0.03901650957
0.05518287487
0.07235370743
0.06357417791
0.06384656974
0.08498237080
0.08918616534
0.07579751061
0.08526724282
0.10581687281
0.09919674824
0.09290552686
0.10996764808
0.11805707452
0.10254669609
0.10694416335
0.12738478193
0.12162284793
0.11053218599
0.12370421653
0.13258346322
0.11555154530
0.11700326812
0.13565285470
0.12803551937
0.11370950147
0.12472953703
0.13194326090
0.11325704819
0.11378557702
0.12967565014
0.11741907198
0.10202717269
0.11321764813
0.11642210746
0.09592067579
0.09748317570
0.10933209027
0.09087377075
0.07799197296
0.09092207333
0.08691441160
0.06564907940
0.07023924149
0.07578735500
0.05246719644
0.04643272206
0.05955684952
0.04520249057
0.02676485069
0.03592416005
0.03211219900
0.00865745640
0.01240058244
0.01920834792
-0.00452908130
-0.01339252620
-0.00179917738
-0.01690150799
-0.03355043440
-0.02197478766
-0.02921776530
-0.05324741659
-0.04651877441
-0.04234967396
-0.06525754300
-0.06744485047
-0.05808847605
-0.07809082214
-0.08779334589
-0.07252881889
-0.08528899060
-0.10324942275
-0.08983379775
-0.09471336787
-0.11434444879
-0.10277722823
-0.10044587589
-0.12250698273
-0.11739098423
-0.10675283430
-0.12484278632
-0.12566349804
-0.11128565715
-0.12733171936
-0.13309777214
-0.11323983642
-0.12379771340
-0.13501074457
-0.11559851516
-0.12115834987
-0.13322985510
-0.11278157915
-0.11392679160
-0.12934633495
-0.11100422358
-0.10542875670
-0.11977881941
-0.10398586608
-0.09561461199
-0.11080694198
-0.09570309415
-0.08171899973
-0.09671472374
-0.08527814442
-0.06928348427
-0.08229127044
-0.07067729465
-0.05262192963
-0.06662325632
-0.05724624286
-0.03626354750
-0.04793490766
-0.03962108833
-0.01928799137
-0.03147610474
-0.02210688971
0.00029804231
-0.01219760673
-0.00455195877
0.01721525660
0.00606905671
0.01551069367
0.03607905576
0.02257559875
0.03280838218
0.05404504175
0.04078898081
0.05117666181
0.06918858902
0.05555722743
0.06916335995
0.08549922503
0.06940280485
0.08373393708
0.09815365950
0.08286953236
0.09919837992
0.10789700274
0.09234418288
0.11195045849
0.11714477560
0.10155972140
0.12095303701
0.12149844745
0.10914830214
0.12993148725
0.12275572967
0.11309903768
0.13459577517
0.12265935455
0.11718507532
0.13462918544
0.11810345531
0.11931794559
0.13338155730
0.11123776016
0.11783924375
0.12674361430
0.10439623987
0.11570613647
0.11472357019
0.09515754262
0.11105498485
0.10145184816
0.08513010511
0.10152298398
0.08443947028
0.07709610164
0.08886333820
0.06461883826
0.06746292884
0.07293006153
0.04675027466
0.05587887039
0.05155221438
0.03047824569
0.04419574297
0.02714624266
0.01520249156
0.02874668558
0.00413592766
0.00246058358
0.00772873687
-0.01775507166
-0.00812192171
-0.01604242764
-0.03662782921
-0.02127668409
-0.04009285351
-0.04937404272
-0.03854490644
-0.06352149020
-0.05750946256
-0.05891452611
-0.08200369712
-0.06666576654
-0.08048542106
-0.09234194026
-0.07837381336
-0.10160171799
-0.09581039509
-0.09393805719
-0.11589611230
-0.09920205352
-0.11091512535
-0.12063682273
-0.10486231466
-0.12665321548
-0.11707244909
-0.11544191140
-0.13357104606
-0.11381720706
-0.12661213251
-0.12987720651
-0.11437454961
-0.13449259441
-0.11796393248
-0.12075523015
-0.13135778403
-0.10917006995
-0.12500019986
-0.11770615124
-0.10717752438
-0.12242024446
-0.09905196996
-0.10962342288
-0.10761098240
-0.08836373067
-0.10512825289
-0.08545098997
-0.08624876555
-0.08940633931
-0.06620458677
-0.08246513347
-0.06450407277
-0.05794435854
-0.06653905125
-0.04092887059
-0.05357567566
-0.03839509855
-0.02888567616
-0.03904160825
-0.01157221989
-0.02236463650
-0.01106635946
0.00243893685
-0.00813488804
0.01841145617
0.00782902029
0.01938836699
0.03393172392
0.02137341265
0.04764662793
0.03846465531
0.04930963851
0.06149051454
0.04951049731
0.07670944166
0.06448500254
0.07590137916
0.08642883724
0.07536601862
0.10012744041
0.08519118124
0.10086910380
0.10511655455
0.09532982658
0.11849226945
0.10185329197
0.11882764104
0.11606159110
0.11189298238
0.12976012622
0.11033664085
0.13042591896
0.12128374780
0.12123225311
0.13145889400
0.11425015192
0.13458577882
0.11670863304
0.12465222002
0.12591095092
0.11158482684
0.12832134413
0.10701705797
0.12141211571
0.10945550262
0.10513724574
0.11383895344
0.09148466760
0.10849658682
0.08785710935
0.09422264050
0.08787064845
0.07522375816
0.08719907407
0.06131646711
0.07619053665
0.05710639919
0.05748270613
0.05463960228
0.03764420715
0.05021964032
0.02299342266
0.03644422548
0.01780218401
0.01564597526
0.01418749849
-0.00415878744
0.00790170210
-0.01938243726
-0.00574674552
-0.02555780401
-0.02636231631
-0.02877881202
-0.04542040469
-0.03472296301
-0.06055276258
-0.04551892185
-0.06807212277
-0.06327622919
-0.06977004257
-0.08107809286
-0.07275339895
-0.09530366154
-0.07896298711
-0.10382290418
-0.09134395547
-0.10421929137
-0.10629776821
-0.10316292896
-0.11801778900
-0.10405923334
-0.12648229171
-0.10805756741
-0.12820180935
-0.11679780299
-0.12394143789
-0.12550803376
-0.11862715336
-0.13221506087
-0.11408873043
-0.13511140052
-0.11396957516
-0.13070371898
-0.11690113416
-0.12261450857
-0.11869262627
-0.11264037481
-0.12047859661
-0.10171897104
-0.11909981121
-0.09512728581
-0.11132786702
-0.09128314523
-0.10043677827
-0.08720548157
-0.08661330244
-0.08443510750
-0.07075670853
-0.07994026860
-0.05756312211
-0.07141509539
-0.04656160733
-0.06048030149
-0.03687223386
-0.04595779225
-0.02989401027
-0.02873817283
-0.02298629292
-0.01215964184
-0.01493161592
0.00408358128
-0.00658439661
0.01906231840
0.00465532021
0.03043737273
0.01852311057
0.04034220814
0.03251029702
0.04919067462
0.04781624087
0.05547157649
0.06347829965
0.06198381283
0.07683169963
0.06926088340
0.08917392823
0.07603171589
0.10000984231
0.08412765975
0.10748469087
0.09315834648
0.11310494459
0.10155354952
0.11718863204
0.10937375159
0.11924332476
0.11686062116
0.11937296813
0.12339553571
0.11906156552
0.12748062388
0.11855148108
0.13078835478
0.11602908049
0.13290548523
0.11431305763
0.13142021943
0.11271346361
0.12909397912
0.10920444367
0.12541474038
0.10580186454
0.11919757121
0.10184976505
0.11168135004
0.09691405285
0.10334055033
0.09023711398
0.09431813413
0.08344283079
0.08307923454
0.07628732249
0.07195875308
0.06707140642
0.06069604655
0.05764652856
0.04822797346
0.04808500427
0.03521879775
0.03776004691
0.02272669374
0.02615207210
0.01038652472
0.01474014950
-0.00281277579
0.00358923246
-0.01564273054
-0.00849669336
-0.02738629105
-0.02094981780
-0.03909719470
-0.03257164417
-0.05094489427
-0.04379783819
-0.06196061079
-0.05530759526
-0.07153580597
-0.06664469211
-0.08099728713
-0.07636614591
-0.09009293407
-0.08556183971
-0.09803412146
-0.09432161355
-0.10428272282
-0.10259536794
-0.11022327374
-0.10874535472
-0.11545406423
-0.11412059703
-0.11948231238
-0.11865784370
-0.12150003536
-0.12255178167
-0.12313102660
-0.12423884877
-0.12381143923
-0.12474395111
-0.12359598380
-0.12439657198
-0.12112577639
-0.12325819683
-0.11820014010
-0.12036165276
-0.11433976052
-0.11567253388
-0.10994748495
-0.11035133944
-0.10362050916
-0.10403373373
-0.09640856309
-0.09672709497
-0.08877398293
-0.08731876765
-0.08074932296
-0.07719161017
-0.07193134612
-0.06638389990
-0.06188965658
-0.05514999639
-0.05180131803
-0.04286242525
-0.04167175867
-0.02966469909
-0.03145626012
-0.01660385450
-0.02030531976
-0.00396979834
-0.00840438579
0.00831850062
0.00378047536
0.02055739572
0.01591866279
0.03245867707
0.02842959679
0.04328049828
0.04157328108
0.05253941492
0.05498131338
0.06091646686
0.06812247100
0.06879408729
0.08008559776
0.07643521233
0.09119309938
0.08408193694
0.10109774163
0.09111593185
0.10928397629
0.09815477243
0.11546262821
0.10552566221
0.11864494023
0.11263586395
0.11969492681
0.11961037715
0.11992531459
0.12523402562
0.11965662337
0.12862564773
0.11969309210
0.12986324971
0.11988100739
0.12810783238
0.11935619547
0.12367259859
0.11868384949
0.11774283836
0.11766131225
0.11081661843
0.11500654650
0.10392416176
0.10996527787
0.09805451276
0.10156532377
0.09287471777
0.08980226922
0.08795014708
0.07673026649
0.08253972123
0.06440063496
0.07471224414
0.05365189138
0.06329901446
0.04471775859
0.04878684803
0.03727658572
0.03265095188
0.02983347617
0.01703613021
0.02050598485
0.00365543459
0.00818581276
-0.00697992930
-0.00685427945
-0.01559559677
-0.02275678710
-0.02414818349
-0.03715034541
-0.03492202715
-0.04832223541
-0.04867910611
-0.05583549451
-0.06400546921
-0.06137019325
-0.07851964450
-0.06826812659
-0.08978649541
-0.07854665565
-0.09614565678
-0.09116499485
-0.09852126463
-0.10360799824
-0.10098673636
-0.11306558131
-0.10691561226
-0.11713248587
-0.11563397340
-0.11632955402
-0.12407256345
-0.11544690748
-0.12871732806
-0.11881594549
-0.12670701379
-0.12581351548
-0.11912391850
-0.13275437022
-0.11225167476
-0.13478538872
-0.11097975960
-0.12834271752
-0.11399027334
-0.11583144080
-0.11713181857
-0.10524088332
-0.11465656386
-0.10117821209
-0.10320281331
-0.10091126337
-0.08774998863
-0.09855677922
-0.07733578915
-0.08790210015
-0.07430275510
-0.06898069547
-0.07386259622
-0.05055680657
-0.06788333577
-0.04040687872
-0.05167112285
-0.03698151991
-0.03083444631
-0.03236794530
-0.01588704532
-0.01857714311
-0.01000223401
0.00242792955
-0.00621590672
0.01982644250
0.00599415509
0.02642748747
0.02778999843
0.02698091241
0.04898258177
0.03399005451
0.05909603017
0.05197666232
0.05977081157
0.07207520239
0.06436951435
0.08227497788
0.08005576843
0.08157663915
0.09847474693
0.08414469783
0.10664997298
0.09867560201
0.10219293973
0.11644286804
0.10057732276
0.12331478026
0.11192659428
0.11609598298
0.12705429467
0.11165527999
0.13109449867
0.12003210008
0.12158339152
0.13063557643
0.11729166985
0.12816706822
0.12608711757
0.11324857875
0.13453958336
0.10739647087
0.12683877917
0.11490280788
0.10837089785
0.11990727487
0.10141928959
0.10800952932
0.10478033592
0.09172679518
0.09976518331
0.09097167557
0.07739937101
0.09649673978
0.05897189000
0.08681028322
0.05859980660
0.06195709877
0.05977651778
0.04745736782
0.04323936223
0.04684558202
0.02197645799
0.03677985504
0.01896476842
0.00869207785
0.02285092379
-0.01209397009
0.00826967464
-0.01306833793
-0.01712924803
-0.01785695043
-0.02619466847
-0.04125542302
-0.02484263349
-0.05908040491
-0.04153023442
-0.05577584237
-0.06847559825
-0.05714825049
-0.07658623373
-0.07907775167
-0.07199272819
-0.09538934974
-0.08558615189
-0.09092394948
-0.10561844336
-0.09530998196
-0.10427988368
-0.11761991123
-0.09600309783
-0.12682883777
-0.11038082419
-0.11515306590
-0.12600591881
-0.11820869756
-0.11885951695
-0.13207279995
-0.11592855818
-0.12529288288
-0.13336770900
-0.10819312327
-0.13843041998
-0.11497908273
-0.12119569544
-0.12267947205
-0.12004449179
-0.10715122430
-0.12715466563
-0.10106467828
-0.10971798192
-0.11426279136
-0.08830203428
-0.10871500059
-0.09219360944
-0.08684110347
-0.08787285382
-0.08768369150
-0.06308410479
-0.08595169833
-0.06044789007
-0.05720119572
-0.06663739752
-0.04247981511
-0.04507422929
-0.04581443284
-0.02753978698
-0.02571187783
-0.03142842382
-0.00444828487
-0.01292973897
-0.01057177782
0.01555554431
-0.00021415250
0.01500942699
0.02708101375
0.02334748543
0.02799376995
0.05031204754
0.03523097526
0.04925521528
0.06675823802
0.04779169120
0.07245785211
0.07408510455
0.07108559299
0.07945939229
0.09605499904
0.07732418208
0.09861260409
0.10528759520
0.08861315050
0.11330023409
0.10951436407
0.10526385206
0.11369523640
0.12568648029
0.10429720209
0.12597764525
0.12727539298
0.10981699176
0.13146014849
0.12600524034
0.11843423734
0.12427717642
0.13480957051
0.11010738601
0.12760509933
0.12880526773
0.10781860633
0.12352238324
0.12037989271
0.10823172613
0.10820375665
0.12121066226
0.09382846707
0.10250873445
0.10858150807
0.08482684226
0.09028537279
0.09311898087
0.07878597529
0.06856224059
0.08536417022
0.06136327352
0.05503722440
0.06748146868
0.04768951254
0.03862570426
0.04554194973
0.03816090771
0.01503301646
0.02988195104
0.02039037652
-0.00166177517
0.00848159290
0.00353163109
-0.01618483385
-0.01724987014
-0.00878954123
-0.03506019165
-0.03705647834
-0.02698620651
-0.04916303017
-0.05639304893
-0.04761518881
-0.05792065638
-0.07756783469
-0.06443806808
-0.06973922511
-0.09245382050
-0.08276554926
-0.08144836390
-0.10048863664
-0.10268162611
-0.08979683309
-0.10781478512
-0.11756771479
-0.10081234621
-0.11201148434
-0.12545417724
-0.11452970096
-0.11096400954
-0.13016590207
-0.12599265212
-0.11142642051
-0.12945802287
-0.13175597379
-0.11537523104
-0.12120996004
-0.13387297246
-0.12034374250
-0.11177651305
-0.12947821302
-0.12184543031
-0.10538675777
-0.11604828948
-0.12076902956
-0.10253343219
-0.09865507892
-0.11307419139
-0.09889289028
-0.08357558570
-0.09601872450
-0.09412056289
-0.07372729274
-0.07265041655
-0.08320284991
-0.06628965983
-0.05103931827
-0.06351740914
-0.05831984452
-0.03618696112
-0.03653595936
-0.04467858577
-0.02724666112
-0.01099748630
-0.02270523839
-0.01762923461
0.00547868434
0.00573003946
-0.00192929711
0.01369512408
0.03179353906
0.02180407437
0.02281197075
0.04634003218
0.04971813708
0.04008688978
0.05188772148
0.07110753821
0.06546626543
0.05967434471
0.08027533145
0.08984823558
0.07740193587
0.08268429136
0.10219434789
0.10283620935
0.08992768019
0.10265609948
0.11931700169
0.10859391468
0.10335678561
0.11924376016
0.12753544245
0.11284914101
0.11297620228
0.13127351377
0.12935804586
0.11332775886
0.12094056660
0.13478661714
0.12628733935
0.11248620553
0.12212907251
0.13357393130
0.11746620110
0.10841976900
0.11967761678
0.12423669509
0.10661683280
0.09959030421
0.11187554803
0.11133946757
0.09039482042
0.08818752165
0.09922433448
0.09317813243
0.07304544774
0.07147527745
0.08302175703
0.07233412870
0.05177854952
0.05349605410
0.06187599734
0.04947875272
0.02998684590
0.03080119716
0.03989020423
0.02523632682
0.00562399814
0.00828548756
0.01493266925
0.00121011259
-0.01840605077
-0.01698241525
-0.00844948648
-0.02301336833
-0.04290897368
-0.04017180638
-0.03312323580
-0.04518314793
-0.06494337530
-0.06433471968
-0.05478919038
-0.06549366261
-0.08530888272
-0.08506910488
-0.07593050673
-0.08215975093
-0.10129820555
-0.10506468826
-0.09271041710
-0.09557741217
-0.11417216296
-0.11962396329
-0.10756295410
-0.10533154338
-0.12073572173
-0.13124831963
-0.11791424409
-0.11109589273
-0.12349301818
-0.13537400974
-0.12537937062
-0.11407269119
-0.11937842149
-0.13437403984
-0.12851931305
-0.11256184010
-0.11278919923
-0.12530655516
-0.12603370342
-0.11000657500
-0.10127591248
-0.11028474569
-0.11808213734
-0.10308457120
-0.08880987144
-0.09105794165
-0.10078999260
-0.09437735739
-0.07523481249
-0.06833685354
-0.07802814879
-0.07925937587
-0.06114178033
-0.04736125254
-0.04917613016
-0.05684050380
-0.04750485456
-0.02688913243
-0.02011798562
-0.02850476616
-0.02781489129
-0.01050300151
0.00514737984
0.00506675571
-0.00252986327
0.00506829192
0.02576977024
0.03518355604
0.02850642019
0.02627763394
0.03947107834
0.05796837409
0.06121769663
0.05240517594
0.05428562333
0.07164510133
0.08549212835
0.08228275210
0.07525470089
0.07995606103
0.09750553163
0.10761424343
0.09972145259
0.09325911977
0.10116172302
0.11744447567
0.12218116837
0.11229394842
0.10655649614
0.11491598842
0.12997064238
0.13030233571
0.11864008152
0.11343363860
0.12106092421
0.13403675950
0.13205594208
0.11854882634
0.11218465260
0.11982194896
0.13044619571
0.12596046561
0.11235407787
0.10439126195
0.10907076488
0.11951135242
0.11465897319
0.09854211508
0.08981319876
0.09220568404
0.10011173598
0.09743199207
0.08092810336
0.06796743932
0.06902966348
0.07598688900
0.07345936986
0.05924794798
0.04377259050
0.03940052553
0.04639122279
0.04728342004
0.03345253377
0.01665714152
0.00920124634
0.01246878552
0.01623027820
0.00800907149
-0.01030259300
-0.02285213031
-0.02151727265
-0.01652550653
-0.02015239333
-0.03456298693
-0.05080346875
-0.05583158994
-0.04990712199
-0.04740422748
-0.05753230790
-0.07374772643
-0.08353935585
-0.08225080727
-0.07594568031
-0.07699416373
-0.08992607505
-0.10449611723
-0.10806472788
-0.10160654317
-0.09749098903
-0.10114358691
-0.11296109064
-0.12502061491
-0.12334248804
-0.11424040795
-0.11101939762
-0.11530994812
-0.12646765923
-0.13365397987
-0.12907861556
-0.11925577841
-0.11353911879
-0.11879627875
-0.12846081295
-0.13176070258
-0.12500731982
-0.11359130545
-0.10725443859
-0.10976137271
-0.11886386483
-0.12076462021
-0.11038962006
-0.09879145156
-0.09084727555
-0.09121975616
-0.09773090471
-0.09943587090
-0.08961230922
-0.07478879606
-0.06608279306
-0.06420561462
-0.06772588824
-0.06946607425
-0.06178297078
-0.04721007699
-0.03436081776
-0.03016631223
-0.03199013707
-0.03338019515
-0.02874477963
-0.01654790251
-0.00169488648
0.00778383392
0.00801374207
0.00514381380
0.00710739570
0.01595825750
0.02959490718
0.04282302844
0.04815080500
0.04552001150
0.04280513401
0.04756188224
0.05849793947
0.07156822857
0.08117542911
0.08289919917
0.07904996612
0.07676756177
0.08223808028
0.09276652696
0.10405648314
0.10983441261
0.10975110208
0.10514389306
0.10239549634
0.10540697120
0.11426563422
0.12378103807
0.12757121083
0.12583564464
0.11996833285
0.11553397637
0.11460929505
0.12111243287
0.12884757678
0.13255591330
0.12844857677
0.12161726046
0.11446684134
0.11067305179
0.11251099455
0.11850193984
0.12188527694
0.11795546815
0.10979670522
0.10089668399
0.09415358666
0.09065663848
0.09282147872
0.09563962778
0.09446166816
0.08661531223
0.07700643856
0.06706221100
0.05949347488
0.05570337942
0.05694715420
0.05768735542
0.05392389811
0.04468345845
0.03395896836
0.02320782150
0.01486652485
0.01103449985
0.01140740607
0.01108302921
0.00637773566
-0.00244697417
-0.01286158898
-0.02343636899
-0.03251902817
-0.03703104532
-0.03749808496
-0.03751002079
-0.04112202270
-0.04761932109
-0.05616830077
-0.06558049494
-0.07534946808
-0.08110137500
-0.08227442561
-0.08084560541
-0.08196643537
-0.08526003951
-0.09054491143
-0.09699710960
-0.10550411652
-0.11258179881
-0.11528732024
-0.11350471620
-0.11128901550
-0.11108885286
-0.11197503330
-0.11427603989
-0.11825940109
-0.12463261056
-0.12876731168
-0.12943601572
-0.12564986860
-0.12221940382
-0.11869297272
-0.11664162764
-0.11520636875
-0.11656157535
-0.11903684449
-0.12068621728
-0.11981357358
-0.11625569036
-0.11156778689
-0.10505320133
-0.09903958150
-0.09384555544
-0.09189408912
-0.09078872843
-0.08982693623
-0.08765296717
-0.08477364232
-0.08025602094
-0.07280122562
-0.06409193133
-0.05594916522
-0.05074127363
-0.04662339732
-0.04262548049
-0.03829353549
-0.03475218418
-0.03141037619
-0.02622922566
-0.01878199077
-0.01024141535
-0.00259846310
0.00428959868
0.01107641821
0.01724320280
0.02160941770
0.02454956769
0.02790209335
0.03346064745
0.04010222261
0.04646555165
0.05193312019
0.05756430489
0.06417011912
0.07009620850
0.07505173776
0.07847213774
0.08212482726
0.08611359246
0.08938625255
0.09253779367
0.09530085640
0.09956558458
0.10384851183
0.10698189123
0.10924380229
0.11074327910
0.11380518415
0.11648290839
0.11813087810
0.11878219250
0.11885495580
0.12074633509
0.12220860374
0.12261548972
0.12143815968
0.11903875231
0.11810097194
0.11712336589
0.11618654804
0.11498294027
0.11335097953
0.11305279053
0.11207537167
0.11009740550
0.10728228746
0.10371888756
0.10140644991
0.09855604115
0.09409700229
0.08827441451
0.08143288579
0.07628671946
0.07265659215
0.06927941951
0.06583528664
0.06157510052
0.05768785600
0.05426811353
0.04997183913
0.04471530036
0.03844844843
0.03224114200
0.02689084048
0.02134403175
0.01488880069
0.00761992161
0.00066262996
-0.00471915632
-0.00871969064
-0.01266032830
-0.01773565591
-0.02369625083
-0.02965006336
-0.03509293509
-0.04001851487
-0.04537425998
-0.05111034186
-0.05604914084
-0.06005993088
-0.06314260908
-0.06613968849
-0.07040890565
-0.07491459166
-0.07853032072
-0.08122520365
-0.08277426178
-0.08483123671
-0.08871951499
-0.09325474442
-0.09810255830
-0.10300499621
-0.10721127179
-0.11199024087
-0.11717234554
-0.12062901266
-0.12226731524
-0.12174379693
-0.11886067039
-0.11588277437
-0.11305123661
-0.10912520860
-0.10478258972
-0.10011697607
-0.09550190845
-0.09307735354
-0.09294419816
-0.09365833911
-0.09501455899
-0.09636799794
-0.09719840007
-0.09881828948
-0.10118797561
-0.10268103518
-0.10315374938
-0.10247867415
-0.10020772041
-0.09777564126
-0.09587158857
-0.09304382081
-0.08879185314
-0.08325566103
-0.07608856102
-0.06843886782
-0.06183965294
-0.05593664825
-0.05003035180
-0.04405327623
-0.03777874042
-0.03153535735
-0.02631871924
-0.02223695264
-0.01844061215
-0.01414201130
-0.00889426612
-0.00278628851
0.00344392006
0.00917848854
0.01441480593
0.01964796524
0.02556191534
0.03219537542
0.03867154862
0.04415818599
0.04822671477
0.05058055203
0.05171249174
0.05263893744
0.05334404084
0.05300968625
0.05132981688
0.04828965402
0.04391995321
0.03908779859
0.03498882813
0.03181876160
0.02898858219
0.02600165186
0.02253480263
0.01847384640
0.01428842685
0.01069035427
0.00786433045
0.00541396208
0.00278004772
-0.00041879993
-0.00412817626
-0.00779170499
-0.01074375259
-0.01265606424
-0.01364745946
-0.01430130658
-0.01539333306
-0.01726836341
-0.01958388186
-0.02169945611
-0.02312667397
-0.02359454668
-0.02317137838
-0.02246276623
-0.02219583335
-0.02255950178
-0.02321155471
-0.02376525252
-0.02400119518
-0.02379467766
-0.02327417870
-0.02296133999
-0.02333880457
-0.02432273244
-0.02536206003
-0.02595194438
-0.02585331546
-0.02499324511
-0.02359281535
-0.02233064276
-0.02195432278
-0.02270393175
-0.02424949230
-0.02608050695
-0.02780725724
-0.02912905636
-0.02986260887
-0.03021589491
-0.03076608583
-0.03191278234
-0.03350154928
-0.03507006088
-0.03629531026
-0.03702380196
-0.03706760764
-0.03634726316
-0.03520762700
-0.03423103656
-0.03366241663
-0.03321578878
-0.03243092133
-0.03104523487
-0.02896784443
-0.02614988489
-0.02272675381
-0.01918715335
-0.01615603084
-0.01398124128
-0.01258093957
-0.01158263534
-0.01053248113
-0.00903003852
-0.00680185437
-0.00379662543
-0.00025761453
0.00337445550
0.00668187581
0.00939799476
0.01142459130
0.01285524993
0.01395879314
0.01501906711
0.01613452101
0.01716581408
0.01786619288
0.01805189348
0.01765448975
0.01668970242
0.01528098715
0.01373036579
0.01248853933
0.01197867002
0.01241797954
0.01375809685
0.01574385028
0.01804697982
0.02039271786
0.02260033468
0.02457132385
0.02632058840
0.02804683904
0.03011425595
0.03287534940
0.03644981435
0.04062656328
0.04496094554
0.04899740330
0.05241970551
0.05500617783
0.05652223921
0.05676372277
0.05576263388
0.05391924801
0.05185050816
0.05006706360
0.04876605346
0.04786187335
0.04716949974
0.04657452803
0.04606402310
0.04563667828
0.04522321809
0.04471153829
0.04405327669
0.04334007312
0.04275297668
0.04241175965
0.04224688202
0.04198697876
0.04127137843
0.03982234574
0.03755857856
0.03456907033
0.03099803731
0.02696368899
0.02257014214
0.01797511338
0.01343585505
0.00927969304
0.00581043821
0.00321366359
0.00151370605
0.00058598304
0.00019862549
0.00006179371
-0.00012368336
-0.00062138913
-0.00162074901
-0.00320931897
-0.00536225645
-0.00795447736
-0.01079266378
-0.01365483646
-0.01632447077
-0.01861909919
-0.02042100725
-0.02170456860
-0.02254027695
-0.02306434893
-0.02342679220
-0.02374675832
-0.02409938778
-0.02453520670
-0.02510728463
-0.02587704742
-0.02689244561
-0.02815707038
-0.02961550850
-0.03117533551
-0.03277148085
-0.03444014455
-0.03633221159
-0.03862647214
-0.04138760470
-0.04445779666
-0.04745301482
-0.04989746138
-0.05144943455
-0.05205620704
-0.05189243024
-0.05114867231
-0.04989730492
-0.04817062634
-0.04615572903
-0.04427472751
-0.04302115521
-0.04267583011
-0.04313908393
-0.04399295912
-0.04473886934
-0.04504876274
-0.04483723051
-0.04411128598
-0.04279173274
-0.04073579158
-0.03796385149
-0.03482675891
-0.03185971651
-0.02942559879
-0.02750561536
-0.02580618495
-0.02403216119
-0.02207749112
-0.02000103805
-0.01788172082
-0.01576039895
-0.01372879232
-0.01200930029
-0.01086444454
-0.01039965683
-0.01046395627
-0.01072192704
-0.01082395343
-0.01057941327
-0.01001619361
-0.00928737831
-0.00855833760
-0.00797791642
-0.00764911950
-0.00752327454
-0.00731321846
-0.00654506359
-0.00476256294
-0.00179676665
0.00210990664
0.00643141337
0.01052433392
0.01373462939
0.01567345906
0.01654361889
0.01703970462
0.01791741189
0.01973949003
0.02280425009
0.02701318320
0.03172878327
0.03581902211
0.03813847215
0.03835470942
0.03718902789
0.03567438818
0.03454599868
0.03435507615
0.03547431634
0.03763481243
0.03970222422
0.04027501974
0.03884046120
0.03626636336
0.03393153113
0.03282818117
0.03356435534
0.03631228687
0.04031868387
0.04376641770
0.04460732329
0.04211254154
0.03739109788
0.03207716031
0.02740477315
0.02436688411
0.02325293663
0.02294130678
0.02138700856
0.01708433965
0.01022835169
0.00235680631
-0.00468694094
-0.00929223982
-0.01099927490
-0.01108620222
-0.01159877469
-0.01415757184
-0.01920241446
-0.02560704071
-0.03109411720
-0.03347110900
-0.03250871517
-0.03033471211
-0.02960240479
-0.03227894066
-0.03910768652
-0.04884034506
-0.05841209062
-0.06481107069
-0.06789114304
-0.07024325037
-0.07417950527
-0.08099105891
-0.09119838836
-0.10300041829
-0.11207718030
-0.11572734035
-0.11615546049
-0.11679313334
-0.11901860873
-0.12396920760
-0.13167519366
-0.13810116159
-0.13843288240
-0.13359432400
-0.12830735101
-0.12507682675
-0.12534524230
-0.13004980200
-0.13572950814
-0.13632660605
-0.13099552330
-0.12444692626
-0.11993942273
-0.11911175822
-0.12313008736
-0.12866440984
-0.12926499277
-0.12380932233
-0.11730752701
-0.11332812021
-0.11365015061
-0.11908495708
-0.12534080594
-0.12573587484
-0.12036822185
-0.11506498467
-0.11339600338
-0.11740138337
-0.12685873509
-0.13541085612
-0.13664430998
-0.13302846544
-0.13044665672
-0.13150168687
-0.13800655133
-0.14738216222
-0.15114057641
-0.14625084231
-0.13902998031
-0.13420533401
-0.13401924738
-0.13896820475
-0.14195856560
-0.13560634864
-0.12359787672
-0.11291169283
-0.10690096209
-0.10746309909
-0.10968192623
-0.10476007686
-0.09289810096
-0.08156744933
-0.07584788957
-0.07792183366
-0.08337215458
-0.08267307917
-0.07318534263
-0.06154568190
-0.05385678560
-0.05280278177
-0.05426606369
-0.04906074581
-0.03447293875
-0.01749149666
-0.00613787120
-0.00379387849
-0.00499610232
-0.00070304563
0.01193368714
0.02666227576
0.03460524383
0.03357915033
0.03126420232
0.03587775178
0.04900039424
0.06312521291
0.06840701054
0.06541005592
0.06378359231
0.07037512472
0.08502626962
0.09780860263
0.09936769390
0.09493081958
0.09413425612
0.10163061134
0.11446202920
0.12013834489
0.11468664977
0.10869638904
0.10990412862
0.12042723184
0.13118640484
0.12933676048
0.11978312818
0.11397237425
0.11747700584
0.12802507785
0.13124203227
0.12274391817
0.11409169576
0.11271352182
0.12003385609
0.12454556170
0.11534928672
0.10182172106
0.09533967718
0.10000055516
0.10739746785
0.10210090177
0.08723357678
0.07621026346
0.07609045394
0.08228616586
0.07915455318
0.06469273637
0.05200120546
0.04982497421
0.05485008630
0.05174547592
0.03593320459
0.02056838067
0.01713859525
0.02282259668
0.02167368781
0.00683560504
-0.00963546804
-0.01404871793
-0.00886539466
-0.00999068612
-0.02455309834
-0.04110097248
-0.04468101978
-0.03915435043
-0.04071886992
-0.05552160248
-0.07141481366
-0.07266675009
-0.06598167285
-0.06760265004
-0.08219038399
-0.09601633519
-0.09429598914
-0.08785078474
-0.09143071562
-0.10668089196
-0.11656750415
-0.11000765860
-0.10316392687
-0.10869887381
-0.12425502445
-0.12871867894
-0.11794942992
-0.11151603702
-0.11931264636
-0.13345059438
-0.13146691268
-0.11921382559
-0.11529229583
-0.12534314170
-0.13375765190
-0.12386727714
-0.11182638211
-0.11212889292
-0.12344390302
-0.12326002269
-0.10854755205
-0.09970839964
-0.10527025677
-0.11280437187
-0.10226152046
-0.08688614363
-0.08406530445
-0.09287617064
-0.09057308254
-0.07279137595
-0.06169751030
-0.06694207132
-0.07275816825
-0.05919516015
-0.04099915378
-0.03813232216
-0.04636382701
-0.04096938731
-0.02121562239
-0.01086815633
-0.01727146378
-0.01890548508
-0.00179784372
0.01473622491
0.01263742289
0.00637108183
0.01784426768
0.03791613099
0.04151776215
0.03327332868
0.03826065375
0.05802271071
0.06676176867
0.05845372912
0.05847412462
0.07623817846
0.08942329730
0.08177864162
0.07703176867
0.09086924592
0.10708861148
0.10144478595
0.09334548411
0.10292760702
0.12023761456
0.11656612765
0.10590286648
0.11170776793
0.12884943430
0.12665007273
0.11364685698
0.11610120444
0.13251626410
0.13168227684
0.11710468775
0.116741
